1.900000000000000000e+01
2.800000000000000000e+01
4.300000000000000000e+01
4.400000000000000000e+01
4.500000000000000000e+01
4.600000000000000000e+01
4.700000000000000000e+01
1.660000000000000000e+02
1.670000000000000000e+02
1.980000000000000000e+02
2.330000000000000000e+02
2.610000000000000000e+02
2.830000000000000000e+02
2.950000000000000000e+02
3.010000000000000000e+02
3.020000000000000000e+02
3.160000000000000000e+02
3.280000000000000000e+02
3.300000000000000000e+02
3.310000000000000000e+02
3.330000000000000000e+02
3.340000000000000000e+02
3.550000000000000000e+02
3.600000000000000000e+02
3.630000000000000000e+02
3.640000000000000000e+02
3.720000000000000000e+02
3.780000000000000000e+02
3.810000000000000000e+02
3.820000000000000000e+02
3.970000000000000000e+02
3.990000000000000000e+02
4.000000000000000000e+02
4.050000000000000000e+02
4.060000000000000000e+02
4.070000000000000000e+02
4.090000000000000000e+02
4.150000000000000000e+02
4.190000000000000000e+02
4.330000000000000000e+02
4.350000000000000000e+02
4.360000000000000000e+02
4.370000000000000000e+02
4.400000000000000000e+02
4.410000000000000000e+02
4.430000000000000000e+02
4.460000000000000000e+02
4.520000000000000000e+02
4.600000000000000000e+02
4.740000000000000000e+02
4.770000000000000000e+02
4.790000000000000000e+02
4.830000000000000000e+02
4.840000000000000000e+02
4.860000000000000000e+02
4.950000000000000000e+02
5.020000000000000000e+02
5.030000000000000000e+02
5.060000000000000000e+02
5.110000000000000000e+02
5.120000000000000000e+02
5.300000000000000000e+02
5.500000000000000000e+02
5.880000000000000000e+02
5.930000000000000000e+02
6.170000000000000000e+02
6.490000000000000000e+02
6.580000000000000000e+02
6.850000000000000000e+02
6.920000000000000000e+02
7.130000000000000000e+02
7.620000000000000000e+02
7.640000000000000000e+02
7.900000000000000000e+02
8.280000000000000000e+02
8.330000000000000000e+02
8.470000000000000000e+02
8.590000000000000000e+02
8.820000000000000000e+02
8.830000000000000000e+02
8.870000000000000000e+02
8.980000000000000000e+02
8.990000000000000000e+02
9.130000000000000000e+02
9.910000000000000000e+02
1.017000000000000000e+03
1.021000000000000000e+03
1.139000000000000000e+03
1.178000000000000000e+03
1.206000000000000000e+03
1.228000000000000000e+03
1.250000000000000000e+03
1.262000000000000000e+03
1.296000000000000000e+03
1.303000000000000000e+03
1.304000000000000000e+03
1.332000000000000000e+03
1.391000000000000000e+03
1.402000000000000000e+03
1.415000000000000000e+03
1.440000000000000000e+03
1.459000000000000000e+03
1.478000000000000000e+03
1.491000000000000000e+03
1.516000000000000000e+03
1.524000000000000000e+03
1.570000000000000000e+03
1.642000000000000000e+03
1.658000000000000000e+03
1.676000000000000000e+03
1.679000000000000000e+03
1.701000000000000000e+03
1.768000000000000000e+03
1.769000000000000000e+03
1.777000000000000000e+03
1.841000000000000000e+03
1.873000000000000000e+03
1.874000000000000000e+03
1.884000000000000000e+03
1.920000000000000000e+03
1.924000000000000000e+03
1.925000000000000000e+03
1.928000000000000000e+03
1.946000000000000000e+03
1.959000000000000000e+03
1.979000000000000000e+03
1.990000000000000000e+03
1.997000000000000000e+03
2.006000000000000000e+03
2.028000000000000000e+03
2.060000000000000000e+03
2.065000000000000000e+03
2.073000000000000000e+03
2.096000000000000000e+03
2.120000000000000000e+03
2.134000000000000000e+03
2.185000000000000000e+03
2.192000000000000000e+03
2.211000000000000000e+03
2.225000000000000000e+03
2.250000000000000000e+03
2.262000000000000000e+03
2.293000000000000000e+03
2.317000000000000000e+03
2.323000000000000000e+03
2.339000000000000000e+03
2.352000000000000000e+03
2.394000000000000000e+03
2.395000000000000000e+03
2.400000000000000000e+03
2.416000000000000000e+03
2.419000000000000000e+03
2.429000000000000000e+03
2.444000000000000000e+03
2.450000000000000000e+03
2.479000000000000000e+03
2.486000000000000000e+03
2.491000000000000000e+03
2.510000000000000000e+03
2.544000000000000000e+03
2.577000000000000000e+03
2.589000000000000000e+03
2.606000000000000000e+03
2.669000000000000000e+03
2.728000000000000000e+03
2.758000000000000000e+03
2.778000000000000000e+03
2.791000000000000000e+03
2.817000000000000000e+03
2.835000000000000000e+03
2.849000000000000000e+03
2.879000000000000000e+03
2.886000000000000000e+03
2.917000000000000000e+03
2.919000000000000000e+03
2.937000000000000000e+03
2.964000000000000000e+03
2.969000000000000000e+03
3.106000000000000000e+03
3.108000000000000000e+03
3.112000000000000000e+03
3.124000000000000000e+03
3.148000000000000000e+03
3.152000000000000000e+03
