2.000000000000000000e+01
2.700000000000000000e+01
4.100000000000000000e+01
4.200000000000000000e+01
4.800000000000000000e+01
5.200000000000000000e+01
5.300000000000000000e+01
7.600000000000000000e+01
1.050000000000000000e+02
1.530000000000000000e+02
1.710000000000000000e+02
1.760000000000000000e+02
1.870000000000000000e+02
2.280000000000000000e+02
2.490000000000000000e+02
2.530000000000000000e+02
2.760000000000000000e+02
2.920000000000000000e+02
2.990000000000000000e+02
3.000000000000000000e+02
3.040000000000000000e+02
3.370000000000000000e+02
3.400000000000000000e+02
4.310000000000000000e+02
5.090000000000000000e+02
5.270000000000000000e+02
5.340000000000000000e+02
5.370000000000000000e+02
5.470000000000000000e+02
5.800000000000000000e+02
5.970000000000000000e+02
6.060000000000000000e+02
6.200000000000000000e+02
6.320000000000000000e+02
6.440000000000000000e+02
6.480000000000000000e+02
6.530000000000000000e+02
6.560000000000000000e+02
6.700000000000000000e+02
6.760000000000000000e+02
6.810000000000000000e+02
6.840000000000000000e+02
6.930000000000000000e+02
6.980000000000000000e+02
7.010000000000000000e+02
7.100000000000000000e+02
7.310000000000000000e+02
7.560000000000000000e+02
7.590000000000000000e+02
7.650000000000000000e+02
7.660000000000000000e+02
7.690000000000000000e+02
7.700000000000000000e+02
7.720000000000000000e+02
7.760000000000000000e+02
7.870000000000000000e+02
7.890000000000000000e+02
8.010000000000000000e+02
8.050000000000000000e+02
8.100000000000000000e+02
8.200000000000000000e+02
8.210000000000000000e+02
8.230000000000000000e+02
8.260000000000000000e+02
8.400000000000000000e+02
8.410000000000000000e+02
8.580000000000000000e+02
8.670000000000000000e+02
8.760000000000000000e+02
8.900000000000000000e+02
9.060000000000000000e+02
9.070000000000000000e+02
9.320000000000000000e+02
9.410000000000000000e+02
9.470000000000000000e+02
9.610000000000000000e+02
9.660000000000000000e+02
9.740000000000000000e+02
9.770000000000000000e+02
9.780000000000000000e+02
9.900000000000000000e+02
9.980000000000000000e+02
1.005000000000000000e+03
1.009000000000000000e+03
1.014000000000000000e+03
1.015000000000000000e+03
1.028000000000000000e+03
1.073000000000000000e+03
1.077000000000000000e+03
1.093000000000000000e+03
1.108000000000000000e+03
1.112000000000000000e+03
1.114000000000000000e+03
1.144000000000000000e+03
1.148000000000000000e+03
1.149000000000000000e+03
1.159000000000000000e+03
1.185000000000000000e+03
1.193000000000000000e+03
1.211000000000000000e+03
1.213000000000000000e+03
1.222000000000000000e+03
1.225000000000000000e+03
1.248000000000000000e+03
1.258000000000000000e+03
1.279000000000000000e+03
1.282000000000000000e+03
1.285000000000000000e+03
1.287000000000000000e+03
1.294000000000000000e+03
1.301000000000000000e+03
1.352000000000000000e+03
1.359000000000000000e+03
1.384000000000000000e+03
1.393000000000000000e+03
1.407000000000000000e+03
1.421000000000000000e+03
1.426000000000000000e+03
1.428000000000000000e+03
1.438000000000000000e+03
1.439000000000000000e+03
1.446000000000000000e+03
1.452000000000000000e+03
1.489000000000000000e+03
1.497000000000000000e+03
1.505000000000000000e+03
1.519000000000000000e+03
1.522000000000000000e+03
1.536000000000000000e+03
1.556000000000000000e+03
1.561000000000000000e+03
1.566000000000000000e+03
1.590000000000000000e+03
1.603000000000000000e+03
1.615000000000000000e+03
1.616000000000000000e+03
1.632000000000000000e+03
1.639000000000000000e+03
1.641000000000000000e+03
1.648000000000000000e+03
1.673000000000000000e+03
1.724000000000000000e+03
1.733000000000000000e+03
1.758000000000000000e+03
1.778000000000000000e+03
1.787000000000000000e+03
1.791000000000000000e+03
1.799000000000000000e+03
1.802000000000000000e+03
1.819000000000000000e+03
1.827000000000000000e+03
1.851000000000000000e+03
1.882000000000000000e+03
1.888000000000000000e+03
1.890000000000000000e+03
1.897000000000000000e+03
1.914000000000000000e+03
1.933000000000000000e+03
1.938000000000000000e+03
1.962000000000000000e+03
1.974000000000000000e+03
1.982000000000000000e+03
1.995000000000000000e+03
2.012000000000000000e+03
2.019000000000000000e+03
2.032000000000000000e+03
2.036000000000000000e+03
2.057000000000000000e+03
2.072000000000000000e+03
2.076000000000000000e+03
2.080000000000000000e+03
2.082000000000000000e+03
2.106000000000000000e+03
2.112000000000000000e+03
2.147000000000000000e+03
2.159000000000000000e+03
2.166000000000000000e+03
2.168000000000000000e+03
2.174000000000000000e+03
2.179000000000000000e+03
2.205000000000000000e+03
2.207000000000000000e+03
2.231000000000000000e+03
2.241000000000000000e+03
2.247000000000000000e+03
2.253000000000000000e+03
2.269000000000000000e+03
2.272000000000000000e+03
2.273000000000000000e+03
2.276000000000000000e+03
2.282000000000000000e+03
2.303000000000000000e+03
2.311000000000000000e+03
2.322000000000000000e+03
2.326000000000000000e+03
2.343000000000000000e+03
2.344000000000000000e+03
2.348000000000000000e+03
2.357000000000000000e+03
2.358000000000000000e+03
2.387000000000000000e+03
2.388000000000000000e+03
2.408000000000000000e+03
2.409000000000000000e+03
2.411000000000000000e+03
2.413000000000000000e+03
2.418000000000000000e+03
2.426000000000000000e+03
2.446000000000000000e+03
2.469000000000000000e+03
2.485000000000000000e+03
2.489000000000000000e+03
2.490000000000000000e+03
2.499000000000000000e+03
2.526000000000000000e+03
2.542000000000000000e+03
2.555000000000000000e+03
2.567000000000000000e+03
2.598000000000000000e+03
2.600000000000000000e+03
2.621000000000000000e+03
2.626000000000000000e+03
2.635000000000000000e+03
2.660000000000000000e+03
2.662000000000000000e+03
2.667000000000000000e+03
2.683000000000000000e+03
2.712000000000000000e+03
2.736000000000000000e+03
2.741000000000000000e+03
2.760000000000000000e+03
2.775000000000000000e+03
2.776000000000000000e+03
2.788000000000000000e+03
2.802000000000000000e+03
2.850000000000000000e+03
2.851000000000000000e+03
2.854000000000000000e+03
2.875000000000000000e+03
2.899000000000000000e+03
2.905000000000000000e+03
2.928000000000000000e+03
2.943000000000000000e+03
2.950000000000000000e+03
2.957000000000000000e+03
2.970000000000000000e+03
2.984000000000000000e+03
2.989000000000000000e+03
2.997000000000000000e+03
3.003000000000000000e+03
3.010000000000000000e+03
3.011000000000000000e+03
3.019000000000000000e+03
3.025000000000000000e+03
3.032000000000000000e+03
3.044000000000000000e+03
3.062000000000000000e+03
3.065000000000000000e+03
3.088000000000000000e+03
3.093000000000000000e+03
3.097000000000000000e+03
3.111000000000000000e+03
3.137000000000000000e+03
3.143000000000000000e+03
3.149000000000000000e+03
