2.200000000000000000e+01
7.300000000000000000e+01
7.500000000000000000e+01
7.700000000000000000e+01
9.500000000000000000e+01
9.900000000000000000e+01
2.460000000000000000e+02
2.600000000000000000e+02
2.730000000000000000e+02
2.910000000000000000e+02
3.050000000000000000e+02
3.540000000000000000e+02
4.110000000000000000e+02
4.850000000000000000e+02
5.430000000000000000e+02
6.630000000000000000e+02
7.220000000000000000e+02
7.490000000000000000e+02
8.080000000000000000e+02
8.320000000000000000e+02
8.360000000000000000e+02
8.530000000000000000e+02
8.710000000000000000e+02
8.730000000000000000e+02
9.790000000000000000e+02
1.029000000000000000e+03
1.054000000000000000e+03
1.083000000000000000e+03
1.099000000000000000e+03
1.111000000000000000e+03
1.151000000000000000e+03
1.201000000000000000e+03
1.216000000000000000e+03
1.244000000000000000e+03
1.337000000000000000e+03
1.374000000000000000e+03
1.504000000000000000e+03
1.527000000000000000e+03
1.564000000000000000e+03
1.595000000000000000e+03
1.600000000000000000e+03
1.704000000000000000e+03
1.761000000000000000e+03
1.842000000000000000e+03
1.896000000000000000e+03
1.923000000000000000e+03
1.941000000000000000e+03
1.967000000000000000e+03
2.041000000000000000e+03
2.113000000000000000e+03
2.121000000000000000e+03
2.125000000000000000e+03
2.126000000000000000e+03
2.215000000000000000e+03
2.219000000000000000e+03
2.226000000000000000e+03
2.248000000000000000e+03
2.287000000000000000e+03
2.294000000000000000e+03
2.428000000000000000e+03
2.665000000000000000e+03
2.688000000000000000e+03
2.699000000000000000e+03
2.738000000000000000e+03
2.748000000000000000e+03
2.755000000000000000e+03
2.765000000000000000e+03
2.806000000000000000e+03
2.814000000000000000e+03
2.818000000000000000e+03
2.819000000000000000e+03
2.855000000000000000e+03
2.900000000000000000e+03
2.902000000000000000e+03
2.932000000000000000e+03
2.956000000000000000e+03
2.963000000000000000e+03
2.965000000000000000e+03
3.034000000000000000e+03
3.043000000000000000e+03
3.090000000000000000e+03
3.117000000000000000e+03
3.140000000000000000e+03
