1.800000000000000000e+01
2.200000000000000000e+01
2.500000000000000000e+01
2.900000000000000000e+01
7.300000000000000000e+01
7.500000000000000000e+01
7.700000000000000000e+01
7.800000000000000000e+01
8.100000000000000000e+01
8.200000000000000000e+01
9.500000000000000000e+01
9.900000000000000000e+01
1.410000000000000000e+02
1.560000000000000000e+02
1.590000000000000000e+02
1.830000000000000000e+02
2.460000000000000000e+02
2.600000000000000000e+02
2.730000000000000000e+02
2.790000000000000000e+02
2.800000000000000000e+02
2.910000000000000000e+02
3.050000000000000000e+02
3.540000000000000000e+02
4.080000000000000000e+02
4.110000000000000000e+02
4.340000000000000000e+02
4.610000000000000000e+02
4.850000000000000000e+02
4.990000000000000000e+02
5.430000000000000000e+02
5.520000000000000000e+02
5.740000000000000000e+02
5.760000000000000000e+02
6.190000000000000000e+02
6.340000000000000000e+02
6.630000000000000000e+02
6.860000000000000000e+02
7.140000000000000000e+02
7.220000000000000000e+02
7.260000000000000000e+02
7.410000000000000000e+02
7.490000000000000000e+02
7.740000000000000000e+02
7.750000000000000000e+02
7.780000000000000000e+02
8.030000000000000000e+02
8.080000000000000000e+02
8.120000000000000000e+02
8.320000000000000000e+02
8.340000000000000000e+02
8.360000000000000000e+02
8.430000000000000000e+02
8.490000000000000000e+02
8.530000000000000000e+02
8.570000000000000000e+02
8.710000000000000000e+02
8.730000000000000000e+02
8.970000000000000000e+02
9.500000000000000000e+02
9.670000000000000000e+02
9.730000000000000000e+02
9.790000000000000000e+02
9.940000000000000000e+02
1.024000000000000000e+03
1.029000000000000000e+03
1.031000000000000000e+03
1.054000000000000000e+03
1.056000000000000000e+03
1.071000000000000000e+03
1.075000000000000000e+03
1.083000000000000000e+03
1.090000000000000000e+03
1.091000000000000000e+03
1.096000000000000000e+03
1.099000000000000000e+03
1.111000000000000000e+03
1.143000000000000000e+03
1.151000000000000000e+03
1.168000000000000000e+03
1.201000000000000000e+03
1.216000000000000000e+03
1.223000000000000000e+03
1.234000000000000000e+03
1.244000000000000000e+03
1.245000000000000000e+03
1.255000000000000000e+03
1.261000000000000000e+03
1.290000000000000000e+03
1.323000000000000000e+03
1.329000000000000000e+03
1.337000000000000000e+03
1.340000000000000000e+03
1.345000000000000000e+03
1.374000000000000000e+03
1.389000000000000000e+03
1.404000000000000000e+03
1.419000000000000000e+03
1.420000000000000000e+03
1.441000000000000000e+03
1.445000000000000000e+03
1.469000000000000000e+03
1.470000000000000000e+03
1.472000000000000000e+03
1.481000000000000000e+03
1.504000000000000000e+03
1.527000000000000000e+03
1.550000000000000000e+03
1.564000000000000000e+03
1.569000000000000000e+03
1.571000000000000000e+03
1.595000000000000000e+03
1.600000000000000000e+03
1.607000000000000000e+03
1.614000000000000000e+03
1.625000000000000000e+03
1.636000000000000000e+03
1.655000000000000000e+03
1.660000000000000000e+03
1.685000000000000000e+03
1.694000000000000000e+03
1.695000000000000000e+03
1.700000000000000000e+03
1.704000000000000000e+03
1.710000000000000000e+03
1.720000000000000000e+03
1.747000000000000000e+03
1.757000000000000000e+03
1.761000000000000000e+03
1.784000000000000000e+03
1.806000000000000000e+03
1.808000000000000000e+03
1.826000000000000000e+03
1.829000000000000000e+03
1.833000000000000000e+03
1.842000000000000000e+03
1.889000000000000000e+03
1.893000000000000000e+03
1.896000000000000000e+03
1.907000000000000000e+03
1.910000000000000000e+03
1.923000000000000000e+03
1.930000000000000000e+03
1.935000000000000000e+03
1.941000000000000000e+03
1.952000000000000000e+03
1.967000000000000000e+03
2.008000000000000000e+03
2.010000000000000000e+03
2.021000000000000000e+03
2.023000000000000000e+03
2.025000000000000000e+03
2.041000000000000000e+03
2.074000000000000000e+03
2.090000000000000000e+03
2.113000000000000000e+03
2.118000000000000000e+03
2.121000000000000000e+03
2.125000000000000000e+03
2.126000000000000000e+03
2.131000000000000000e+03
2.138000000000000000e+03
2.143000000000000000e+03
2.153000000000000000e+03
2.155000000000000000e+03
2.156000000000000000e+03
2.164000000000000000e+03
2.194000000000000000e+03
2.200000000000000000e+03
2.215000000000000000e+03
2.217000000000000000e+03
2.219000000000000000e+03
2.224000000000000000e+03
2.226000000000000000e+03
2.228000000000000000e+03
2.234000000000000000e+03
2.242000000000000000e+03
2.248000000000000000e+03
2.260000000000000000e+03
2.287000000000000000e+03
2.294000000000000000e+03
2.301000000000000000e+03
2.346000000000000000e+03
2.362000000000000000e+03
2.372000000000000000e+03
2.428000000000000000e+03
2.435000000000000000e+03
2.472000000000000000e+03
2.474000000000000000e+03
2.481000000000000000e+03
2.482000000000000000e+03
2.500000000000000000e+03
2.604000000000000000e+03
2.608000000000000000e+03
2.613000000000000000e+03
2.620000000000000000e+03
2.631000000000000000e+03
2.652000000000000000e+03
2.653000000000000000e+03
2.665000000000000000e+03
2.673000000000000000e+03
2.687000000000000000e+03
2.688000000000000000e+03
2.697000000000000000e+03
2.699000000000000000e+03
2.705000000000000000e+03
2.710000000000000000e+03
2.714000000000000000e+03
2.721000000000000000e+03
2.725000000000000000e+03
2.733000000000000000e+03
2.737000000000000000e+03
2.738000000000000000e+03
2.747000000000000000e+03
2.748000000000000000e+03
2.753000000000000000e+03
2.755000000000000000e+03
2.763000000000000000e+03
2.765000000000000000e+03
2.785000000000000000e+03
2.805000000000000000e+03
2.806000000000000000e+03
2.810000000000000000e+03
2.814000000000000000e+03
2.818000000000000000e+03
2.819000000000000000e+03
2.833000000000000000e+03
2.837000000000000000e+03
2.852000000000000000e+03
2.855000000000000000e+03
2.863000000000000000e+03
2.865000000000000000e+03
2.867000000000000000e+03
2.900000000000000000e+03
2.902000000000000000e+03
2.909000000000000000e+03
2.920000000000000000e+03
2.926000000000000000e+03
2.932000000000000000e+03
2.936000000000000000e+03
2.938000000000000000e+03
2.944000000000000000e+03
2.956000000000000000e+03
2.963000000000000000e+03
2.965000000000000000e+03
3.012000000000000000e+03
3.016000000000000000e+03
3.029000000000000000e+03
3.031000000000000000e+03
3.034000000000000000e+03
3.039000000000000000e+03
3.043000000000000000e+03
3.047000000000000000e+03
3.053000000000000000e+03
3.058000000000000000e+03
3.078000000000000000e+03
3.087000000000000000e+03
3.090000000000000000e+03
3.101000000000000000e+03
3.117000000000000000e+03
3.140000000000000000e+03
