1.024000000000000000e+03
2.944000000000000000e+03
7.740000000000000000e+02
1.655000000000000000e+03
7.750000000000000000e+02
2.697000000000000000e+03
7.780000000000000000e+02
1.290000000000000000e+03
1.419000000000000000e+03
1.550000000000000000e+03
2.833000000000000000e+03
1.800000000000000000e+01
2.194000000000000000e+03
2.800000000000000000e+02
2.500000000000000000e+01
2.714000000000000000e+03
1.560000000000000000e+02
3.101000000000000000e+03
2.900000000000000000e+01
1.590000000000000000e+02
1.569000000000000000e+03
1.826000000000000000e+03
1.571000000000000000e+03
8.030000000000000000e+02
2.725000000000000000e+03
1.445000000000000000e+03
5.520000000000000000e+02
1.833000000000000000e+03
2.346000000000000000e+03
2.472000000000000000e+03
2.604000000000000000e+03
2.733000000000000000e+03
6.860000000000000000e+02
1.071000000000000000e+03
2.608000000000000000e+03
8.120000000000000000e+02
2.474000000000000000e+03
1.075000000000000000e+03
2.228000000000000000e+03
2.867000000000000000e+03
2.482000000000000000e+03
9.500000000000000000e+02
1.340000000000000000e+03
1.469000000000000000e+03
2.938000000000000000e+03
5.760000000000000000e+02
1.345000000000000000e+03
2.242000000000000000e+03
1.091000000000000000e+03
1.472000000000000000e+03
2.500000000000000000e+03
2.118000000000000000e+03
1.223000000000000000e+03
1.096000000000000000e+03
9.670000000000000000e+02
7.140000000000000000e+02
1.481000000000000000e+03
4.610000000000000000e+02
1.614000000000000000e+03
2.008000000000000000e+03
1.625000000000000000e+03
1.245000000000000000e+03
2.909000000000000000e+03
1.893000000000000000e+03
3.047000000000000000e+03
2.025000000000000000e+03
2.156000000000000000e+03
1.261000000000000000e+03
4.990000000000000000e+02
1.910000000000000000e+03
1.143000000000000000e+03
6.340000000000000000e+02
2.301000000000000000e+03
