3.200000000000000000e+01
6.300000000000000000e+01
7.800000000000000000e+01
8.100000000000000000e+01
8.200000000000000000e+01
8.400000000000000000e+01
1.400000000000000000e+02
1.410000000000000000e+02
1.420000000000000000e+02
1.550000000000000000e+02
1.830000000000000000e+02
2.440000000000000000e+02
2.790000000000000000e+02
4.080000000000000000e+02
4.340000000000000000e+02
5.600000000000000000e+02
5.740000000000000000e+02
6.190000000000000000e+02
7.260000000000000000e+02
7.410000000000000000e+02
8.340000000000000000e+02
8.430000000000000000e+02
8.490000000000000000e+02
8.570000000000000000e+02
8.660000000000000000e+02
8.970000000000000000e+02
9.010000000000000000e+02
9.490000000000000000e+02
9.730000000000000000e+02
9.850000000000000000e+02
9.940000000000000000e+02
1.031000000000000000e+03
1.056000000000000000e+03
1.059000000000000000e+03
1.090000000000000000e+03
1.168000000000000000e+03
1.234000000000000000e+03
1.255000000000000000e+03
1.323000000000000000e+03
1.329000000000000000e+03
1.369000000000000000e+03
1.389000000000000000e+03
1.404000000000000000e+03
1.420000000000000000e+03
1.441000000000000000e+03
1.470000000000000000e+03
1.607000000000000000e+03
1.636000000000000000e+03
1.660000000000000000e+03
1.685000000000000000e+03
1.694000000000000000e+03
1.695000000000000000e+03
1.700000000000000000e+03
1.710000000000000000e+03
1.720000000000000000e+03
1.747000000000000000e+03
1.757000000000000000e+03
1.784000000000000000e+03
1.806000000000000000e+03
1.808000000000000000e+03
1.809000000000000000e+03
1.829000000000000000e+03
1.855000000000000000e+03
1.889000000000000000e+03
1.907000000000000000e+03
1.917000000000000000e+03
1.930000000000000000e+03
1.935000000000000000e+03
1.952000000000000000e+03
2.010000000000000000e+03
2.021000000000000000e+03
2.023000000000000000e+03
2.034000000000000000e+03
2.044000000000000000e+03
2.074000000000000000e+03
2.090000000000000000e+03
2.131000000000000000e+03
2.138000000000000000e+03
2.143000000000000000e+03
2.153000000000000000e+03
2.155000000000000000e+03
2.164000000000000000e+03
2.200000000000000000e+03
2.217000000000000000e+03
2.224000000000000000e+03
2.229000000000000000e+03
2.234000000000000000e+03
2.260000000000000000e+03
2.286000000000000000e+03
2.362000000000000000e+03
2.367000000000000000e+03
2.372000000000000000e+03
2.390000000000000000e+03
2.435000000000000000e+03
2.481000000000000000e+03
2.515000000000000000e+03
2.613000000000000000e+03
2.620000000000000000e+03
2.631000000000000000e+03
2.650000000000000000e+03
2.652000000000000000e+03
2.653000000000000000e+03
2.673000000000000000e+03
2.687000000000000000e+03
2.705000000000000000e+03
2.710000000000000000e+03
2.721000000000000000e+03
2.737000000000000000e+03
2.747000000000000000e+03
2.753000000000000000e+03
2.763000000000000000e+03
2.785000000000000000e+03
2.805000000000000000e+03
2.810000000000000000e+03
2.837000000000000000e+03
2.852000000000000000e+03
2.862000000000000000e+03
2.863000000000000000e+03
2.865000000000000000e+03
2.871000000000000000e+03
2.920000000000000000e+03
2.926000000000000000e+03
2.936000000000000000e+03
2.942000000000000000e+03
3.012000000000000000e+03
3.016000000000000000e+03
3.029000000000000000e+03
3.031000000000000000e+03
3.039000000000000000e+03
3.046000000000000000e+03
3.053000000000000000e+03
3.058000000000000000e+03
3.066000000000000000e+03
3.078000000000000000e+03
3.087000000000000000e+03
3.105000000000000000e+03
3.118000000000000000e+03
3.132000000000000000e+03
3.135000000000000000e+03
3.138000000000000000e+03
3.163000000000000000e+03
3.167000000000000000e+03
