1.900000000000000000e+01
4.300000000000000000e+01
4.400000000000000000e+01
4.500000000000000000e+01
2.330000000000000000e+02
2.510000000000000000e+02
2.540000000000000000e+02
2.830000000000000000e+02
2.850000000000000000e+02
3.010000000000000000e+02
3.160000000000000000e+02
3.180000000000000000e+02
3.340000000000000000e+02
3.380000000000000000e+02
3.640000000000000000e+02
3.700000000000000000e+02
3.710000000000000000e+02
3.970000000000000000e+02
3.990000000000000000e+02
4.000000000000000000e+02
4.060000000000000000e+02
4.070000000000000000e+02
4.090000000000000000e+02
4.180000000000000000e+02
4.350000000000000000e+02
4.360000000000000000e+02
4.370000000000000000e+02
4.440000000000000000e+02
4.520000000000000000e+02
4.550000000000000000e+02
5.020000000000000000e+02
5.060000000000000000e+02
5.120000000000000000e+02
5.130000000000000000e+02
5.210000000000000000e+02
5.500000000000000000e+02
5.930000000000000000e+02
6.020000000000000000e+02
6.170000000000000000e+02
6.580000000000000000e+02
6.850000000000000000e+02
8.240000000000000000e+02
8.250000000000000000e+02
8.280000000000000000e+02
8.470000000000000000e+02
8.830000000000000000e+02
8.980000000000000000e+02
8.990000000000000000e+02
9.910000000000000000e+02
1.021000000000000000e+03
1.141000000000000000e+03
1.178000000000000000e+03
1.202000000000000000e+03
1.250000000000000000e+03
1.252000000000000000e+03
1.262000000000000000e+03
1.296000000000000000e+03
1.304000000000000000e+03
1.332000000000000000e+03
1.478000000000000000e+03
1.491000000000000000e+03
1.524000000000000000e+03
1.555000000000000000e+03
1.570000000000000000e+03
1.585000000000000000e+03
1.606000000000000000e+03
1.642000000000000000e+03
1.653000000000000000e+03
1.676000000000000000e+03
1.690000000000000000e+03
1.714000000000000000e+03
1.768000000000000000e+03
1.769000000000000000e+03
1.873000000000000000e+03
1.911000000000000000e+03
1.924000000000000000e+03
1.959000000000000000e+03
1.997000000000000000e+03
2.004000000000000000e+03
2.013000000000000000e+03
2.029000000000000000e+03
2.060000000000000000e+03
2.065000000000000000e+03
2.114000000000000000e+03
2.187000000000000000e+03
2.255000000000000000e+03
2.262000000000000000e+03
2.352000000000000000e+03
2.395000000000000000e+03
2.400000000000000000e+03
2.429000000000000000e+03
2.491000000000000000e+03
2.544000000000000000e+03
2.557000000000000000e+03
2.606000000000000000e+03
2.669000000000000000e+03
2.728000000000000000e+03
2.778000000000000000e+03
2.804000000000000000e+03
2.827000000000000000e+03
2.849000000000000000e+03
2.879000000000000000e+03
2.886000000000000000e+03
2.917000000000000000e+03
2.973000000000000000e+03
3.055000000000000000e+03
3.106000000000000000e+03
3.108000000000000000e+03
3.124000000000000000e+03
3.152000000000000000e+03
