2.800000000000000000e+01
4.600000000000000000e+01
4.700000000000000000e+01
1.980000000000000000e+02
3.550000000000000000e+02
3.630000000000000000e+02
3.780000000000000000e+02
3.810000000000000000e+02
4.150000000000000000e+02
4.400000000000000000e+02
4.410000000000000000e+02
4.600000000000000000e+02
4.740000000000000000e+02
4.770000000000000000e+02
4.790000000000000000e+02
4.830000000000000000e+02
4.840000000000000000e+02
4.950000000000000000e+02
5.030000000000000000e+02
5.110000000000000000e+02
5.300000000000000000e+02
5.880000000000000000e+02
6.490000000000000000e+02
7.620000000000000000e+02
7.640000000000000000e+02
8.330000000000000000e+02
8.590000000000000000e+02
8.870000000000000000e+02
1.139000000000000000e+03
1.228000000000000000e+03
1.303000000000000000e+03
1.391000000000000000e+03
1.415000000000000000e+03
1.440000000000000000e+03
1.516000000000000000e+03
1.658000000000000000e+03
1.679000000000000000e+03
1.841000000000000000e+03
1.874000000000000000e+03
1.920000000000000000e+03
1.925000000000000000e+03
1.928000000000000000e+03
2.006000000000000000e+03
2.096000000000000000e+03
2.120000000000000000e+03
2.192000000000000000e+03
2.225000000000000000e+03
2.293000000000000000e+03
2.323000000000000000e+03
2.339000000000000000e+03
2.419000000000000000e+03
2.450000000000000000e+03
2.589000000000000000e+03
2.758000000000000000e+03
2.919000000000000000e+03
2.937000000000000000e+03
2.964000000000000000e+03
