2.817000000000000000e+03
2.610000000000000000e+02
2.185000000000000000e+03
2.444000000000000000e+03
2.317000000000000000e+03
2.577000000000000000e+03
9.130000000000000000e+02
2.835000000000000000e+03
4.050000000000000000e+02
7.900000000000000000e+02
2.073000000000000000e+03
1.946000000000000000e+03
2.969000000000000000e+03
2.211000000000000000e+03
4.190000000000000000e+02
1.701000000000000000e+03
1.660000000000000000e+02
1.670000000000000000e+02
3.112000000000000000e+03
2.950000000000000000e+02
3.020000000000000000e+02
2.479000000000000000e+03
4.330000000000000000e+02
1.459000000000000000e+03
6.920000000000000000e+02
1.206000000000000000e+03
2.486000000000000000e+03
4.430000000000000000e+02
1.979000000000000000e+03
4.460000000000000000e+02
1.990000000000000000e+03
3.280000000000000000e+02
7.130000000000000000e+02
2.250000000000000000e+03
3.300000000000000000e+02
3.148000000000000000e+03
3.310000000000000000e+02
3.330000000000000000e+02
2.510000000000000000e+03
2.134000000000000000e+03
2.394000000000000000e+03
1.884000000000000000e+03
4.860000000000000000e+02
2.791000000000000000e+03
3.600000000000000000e+02
2.028000000000000000e+03
2.416000000000000000e+03
1.777000000000000000e+03
8.820000000000000000e+02
3.720000000000000000e+02
1.017000000000000000e+03
1.402000000000000000e+03
3.820000000000000000e+02
