6.700000000000000000e+01
7.000000000000000000e+01
1.120000000000000000e+02
1.480000000000000000e+02
1.500000000000000000e+02
1.610000000000000000e+02
1.650000000000000000e+02
2.150000000000000000e+02
2.210000000000000000e+02
2.590000000000000000e+02
3.070000000000000000e+02
3.100000000000000000e+02
3.210000000000000000e+02
3.250000000000000000e+02
5.580000000000000000e+02
5.640000000000000000e+02
5.820000000000000000e+02
6.620000000000000000e+02
6.690000000000000000e+02
6.780000000000000000e+02
7.570000000000000000e+02
7.770000000000000000e+02
8.060000000000000000e+02
8.140000000000000000e+02
8.160000000000000000e+02
8.170000000000000000e+02
8.190000000000000000e+02
8.460000000000000000e+02
8.510000000000000000e+02
8.520000000000000000e+02
8.540000000000000000e+02
8.800000000000000000e+02
9.030000000000000000e+02
9.260000000000000000e+02
9.340000000000000000e+02
9.350000000000000000e+02
9.480000000000000000e+02
9.560000000000000000e+02
9.570000000000000000e+02
9.580000000000000000e+02
9.830000000000000000e+02
9.870000000000000000e+02
9.880000000000000000e+02
9.960000000000000000e+02
1.010000000000000000e+03
1.016000000000000000e+03
1.060000000000000000e+03
1.063000000000000000e+03
1.067000000000000000e+03
1.070000000000000000e+03
1.081000000000000000e+03
1.084000000000000000e+03
1.095000000000000000e+03
1.098000000000000000e+03
1.135000000000000000e+03
1.142000000000000000e+03
1.147000000000000000e+03
1.215000000000000000e+03
1.235000000000000000e+03
1.257000000000000000e+03
1.260000000000000000e+03
1.263000000000000000e+03
1.265000000000000000e+03
1.275000000000000000e+03
1.333000000000000000e+03
1.350000000000000000e+03
1.358000000000000000e+03
1.362000000000000000e+03
1.370000000000000000e+03
1.397000000000000000e+03
1.411000000000000000e+03
1.443000000000000000e+03
1.498000000000000000e+03
1.503000000000000000e+03
1.508000000000000000e+03
1.576000000000000000e+03
1.579000000000000000e+03
1.582000000000000000e+03
1.663000000000000000e+03
1.669000000000000000e+03
1.689000000000000000e+03
1.711000000000000000e+03
1.763000000000000000e+03
1.780000000000000000e+03
1.812000000000000000e+03
1.813000000000000000e+03
1.823000000000000000e+03
1.835000000000000000e+03
1.838000000000000000e+03
1.862000000000000000e+03
1.885000000000000000e+03
1.900000000000000000e+03
1.901000000000000000e+03
1.922000000000000000e+03
1.948000000000000000e+03
1.976000000000000000e+03
2.015000000000000000e+03
2.026000000000000000e+03
2.069000000000000000e+03
2.071000000000000000e+03
2.102000000000000000e+03
2.104000000000000000e+03
2.129000000000000000e+03
2.162000000000000000e+03
2.178000000000000000e+03
2.182000000000000000e+03
2.204000000000000000e+03
2.254000000000000000e+03
2.275000000000000000e+03
2.281000000000000000e+03
2.296000000000000000e+03
2.327000000000000000e+03
2.329000000000000000e+03
2.330000000000000000e+03
2.353000000000000000e+03
2.380000000000000000e+03
2.398000000000000000e+03
2.406000000000000000e+03
2.420000000000000000e+03
2.430000000000000000e+03
2.431000000000000000e+03
2.447000000000000000e+03
2.460000000000000000e+03
2.495000000000000000e+03
2.503000000000000000e+03
2.509000000000000000e+03
2.514000000000000000e+03
2.518000000000000000e+03
2.525000000000000000e+03
2.563000000000000000e+03
2.574000000000000000e+03
2.579000000000000000e+03
2.615000000000000000e+03
2.680000000000000000e+03
2.696000000000000000e+03
2.700000000000000000e+03
2.720000000000000000e+03
2.751000000000000000e+03
2.768000000000000000e+03
2.812000000000000000e+03
2.880000000000000000e+03
2.890000000000000000e+03
2.897000000000000000e+03
2.898000000000000000e+03
2.914000000000000000e+03
2.933000000000000000e+03
2.961000000000000000e+03
2.967000000000000000e+03
2.982000000000000000e+03
3.037000000000000000e+03
3.042000000000000000e+03
3.091000000000000000e+03
3.099000000000000000e+03
3.116000000000000000e+03
3.146000000000000000e+03
3.151000000000000000e+03
3.153000000000000000e+03
3.160000000000000000e+03
