6.000000000000000000e+00
3.400000000000000000e+01
4.000000000000000000e+01
6.400000000000000000e+01
6.500000000000000000e+01
6.600000000000000000e+01
6.700000000000000000e+01
1.120000000000000000e+02
1.270000000000000000e+02
1.320000000000000000e+02
1.360000000000000000e+02
1.480000000000000000e+02
1.500000000000000000e+02
1.570000000000000000e+02
1.610000000000000000e+02
1.740000000000000000e+02
2.030000000000000000e+02
2.150000000000000000e+02
2.240000000000000000e+02
2.390000000000000000e+02
2.590000000000000000e+02
2.670000000000000000e+02
2.690000000000000000e+02
2.870000000000000000e+02
3.100000000000000000e+02
3.170000000000000000e+02
3.210000000000000000e+02
4.170000000000000000e+02
4.320000000000000000e+02
4.710000000000000000e+02
4.880000000000000000e+02
5.190000000000000000e+02
5.490000000000000000e+02
5.580000000000000000e+02
6.140000000000000000e+02
6.180000000000000000e+02
6.300000000000000000e+02
6.390000000000000000e+02
6.500000000000000000e+02
6.690000000000000000e+02
6.710000000000000000e+02
6.720000000000000000e+02
6.780000000000000000e+02
6.970000000000000000e+02
6.990000000000000000e+02
7.570000000000000000e+02
7.710000000000000000e+02
7.770000000000000000e+02
7.790000000000000000e+02
7.970000000000000000e+02
8.060000000000000000e+02
8.150000000000000000e+02
8.160000000000000000e+02
8.170000000000000000e+02
8.190000000000000000e+02
8.450000000000000000e+02
8.510000000000000000e+02
8.520000000000000000e+02
8.540000000000000000e+02
8.550000000000000000e+02
8.560000000000000000e+02
8.610000000000000000e+02
8.640000000000000000e+02
8.650000000000000000e+02
8.780000000000000000e+02
8.800000000000000000e+02
9.050000000000000000e+02
9.120000000000000000e+02
9.230000000000000000e+02
9.260000000000000000e+02
9.350000000000000000e+02
9.560000000000000000e+02
9.570000000000000000e+02
9.580000000000000000e+02
9.700000000000000000e+02
9.720000000000000000e+02
9.800000000000000000e+02
9.810000000000000000e+02
9.830000000000000000e+02
9.840000000000000000e+02
9.870000000000000000e+02
9.880000000000000000e+02
9.960000000000000000e+02
1.016000000000000000e+03
1.020000000000000000e+03
1.044000000000000000e+03
1.060000000000000000e+03
1.063000000000000000e+03
1.067000000000000000e+03
1.070000000000000000e+03
1.079000000000000000e+03
1.080000000000000000e+03
1.081000000000000000e+03
1.084000000000000000e+03
1.092000000000000000e+03
1.098000000000000000e+03
1.115000000000000000e+03
1.123000000000000000e+03
1.130000000000000000e+03
1.132000000000000000e+03
1.134000000000000000e+03
1.135000000000000000e+03
1.142000000000000000e+03
1.147000000000000000e+03
1.181000000000000000e+03
1.192000000000000000e+03
1.209000000000000000e+03
1.215000000000000000e+03
1.235000000000000000e+03
1.257000000000000000e+03
1.260000000000000000e+03
1.263000000000000000e+03
1.275000000000000000e+03
1.333000000000000000e+03
1.358000000000000000e+03
1.365000000000000000e+03
1.368000000000000000e+03
1.370000000000000000e+03
1.383000000000000000e+03
1.395000000000000000e+03
1.397000000000000000e+03
1.411000000000000000e+03
1.429000000000000000e+03
1.431000000000000000e+03
1.436000000000000000e+03
1.443000000000000000e+03
1.450000000000000000e+03
1.455000000000000000e+03
1.463000000000000000e+03
1.467000000000000000e+03
1.477000000000000000e+03
1.498000000000000000e+03
1.503000000000000000e+03
1.508000000000000000e+03
1.512000000000000000e+03
1.540000000000000000e+03
1.547000000000000000e+03
1.576000000000000000e+03
1.577000000000000000e+03
1.578000000000000000e+03
1.579000000000000000e+03
1.582000000000000000e+03
1.591000000000000000e+03
1.633000000000000000e+03
1.635000000000000000e+03
1.640000000000000000e+03
1.649000000000000000e+03
1.663000000000000000e+03
1.669000000000000000e+03
1.675000000000000000e+03
1.686000000000000000e+03
1.689000000000000000e+03
1.708000000000000000e+03
1.719000000000000000e+03
1.732000000000000000e+03
1.745000000000000000e+03
1.746000000000000000e+03
1.749000000000000000e+03
1.770000000000000000e+03
1.773000000000000000e+03
1.780000000000000000e+03
1.813000000000000000e+03
1.817000000000000000e+03
1.823000000000000000e+03
1.832000000000000000e+03
1.835000000000000000e+03
1.836000000000000000e+03
1.858000000000000000e+03
1.862000000000000000e+03
1.863000000000000000e+03
1.885000000000000000e+03
1.900000000000000000e+03
1.901000000000000000e+03
1.922000000000000000e+03
1.948000000000000000e+03
1.957000000000000000e+03
1.976000000000000000e+03
1.986000000000000000e+03
2.015000000000000000e+03
2.016000000000000000e+03
2.026000000000000000e+03
2.049000000000000000e+03
2.069000000000000000e+03
2.071000000000000000e+03
2.129000000000000000e+03
2.145000000000000000e+03
2.149000000000000000e+03
2.154000000000000000e+03
2.162000000000000000e+03
2.178000000000000000e+03
2.182000000000000000e+03
2.204000000000000000e+03
2.246000000000000000e+03
2.261000000000000000e+03
2.275000000000000000e+03
2.281000000000000000e+03
2.295000000000000000e+03
2.314000000000000000e+03
2.327000000000000000e+03
2.329000000000000000e+03
2.330000000000000000e+03
2.331000000000000000e+03
2.335000000000000000e+03
2.353000000000000000e+03
2.365000000000000000e+03
2.376000000000000000e+03
2.380000000000000000e+03
2.381000000000000000e+03
2.389000000000000000e+03
2.398000000000000000e+03
2.404000000000000000e+03
2.420000000000000000e+03
2.430000000000000000e+03
2.440000000000000000e+03
2.453000000000000000e+03
2.458000000000000000e+03
2.465000000000000000e+03
2.492000000000000000e+03
2.495000000000000000e+03
2.503000000000000000e+03
2.506000000000000000e+03
2.525000000000000000e+03
2.533000000000000000e+03
2.545000000000000000e+03
2.560000000000000000e+03
2.563000000000000000e+03
2.564000000000000000e+03
2.574000000000000000e+03
2.579000000000000000e+03
2.588000000000000000e+03
2.591000000000000000e+03
2.599000000000000000e+03
2.612000000000000000e+03
2.615000000000000000e+03
2.619000000000000000e+03
2.625000000000000000e+03
2.630000000000000000e+03
2.634000000000000000e+03
2.638000000000000000e+03
2.641000000000000000e+03
2.642000000000000000e+03
2.648000000000000000e+03
2.671000000000000000e+03
2.678000000000000000e+03
2.680000000000000000e+03
2.686000000000000000e+03
2.696000000000000000e+03
2.700000000000000000e+03
2.701000000000000000e+03
2.713000000000000000e+03
2.726000000000000000e+03
2.729000000000000000e+03
2.751000000000000000e+03
2.759000000000000000e+03
2.766000000000000000e+03
2.768000000000000000e+03
2.772000000000000000e+03
2.777000000000000000e+03
2.787000000000000000e+03
2.801000000000000000e+03
2.807000000000000000e+03
2.808000000000000000e+03
2.826000000000000000e+03
2.847000000000000000e+03
2.880000000000000000e+03
2.881000000000000000e+03
2.885000000000000000e+03
2.890000000000000000e+03
2.898000000000000000e+03
2.914000000000000000e+03
2.929000000000000000e+03
2.940000000000000000e+03
2.961000000000000000e+03
2.967000000000000000e+03
2.982000000000000000e+03
2.983000000000000000e+03
2.990000000000000000e+03
3.017000000000000000e+03
3.018000000000000000e+03
3.035000000000000000e+03
3.037000000000000000e+03
3.042000000000000000e+03
3.056000000000000000e+03
3.068000000000000000e+03
3.073000000000000000e+03
3.075000000000000000e+03
3.077000000000000000e+03
3.083000000000000000e+03
3.091000000000000000e+03
3.098000000000000000e+03
3.116000000000000000e+03
3.134000000000000000e+03
3.146000000000000000e+03
3.153000000000000000e+03
3.159000000000000000e+03
3.160000000000000000e+03
3.166000000000000000e+03
