4.000000000000000000e+01
1.270000000000000000e+02
1.320000000000000000e+02
1.740000000000000000e+02
2.030000000000000000e+02
4.710000000000000000e+02
6.140000000000000000e+02
6.710000000000000000e+02
6.720000000000000000e+02
6.970000000000000000e+02
6.990000000000000000e+02
7.710000000000000000e+02
7.790000000000000000e+02
7.970000000000000000e+02
8.150000000000000000e+02
8.450000000000000000e+02
8.640000000000000000e+02
8.650000000000000000e+02
9.050000000000000000e+02
9.720000000000000000e+02
9.800000000000000000e+02
9.810000000000000000e+02
1.079000000000000000e+03
1.080000000000000000e+03
1.092000000000000000e+03
1.123000000000000000e+03
1.132000000000000000e+03
1.134000000000000000e+03
1.181000000000000000e+03
1.192000000000000000e+03
1.209000000000000000e+03
1.365000000000000000e+03
1.383000000000000000e+03
1.395000000000000000e+03
1.431000000000000000e+03
1.455000000000000000e+03
1.463000000000000000e+03
1.467000000000000000e+03
1.540000000000000000e+03
1.577000000000000000e+03
1.635000000000000000e+03
1.686000000000000000e+03
1.708000000000000000e+03
1.745000000000000000e+03
1.770000000000000000e+03
1.832000000000000000e+03
1.836000000000000000e+03
1.858000000000000000e+03
1.863000000000000000e+03
1.986000000000000000e+03
2.145000000000000000e+03
2.149000000000000000e+03
2.154000000000000000e+03
2.261000000000000000e+03
2.295000000000000000e+03
2.335000000000000000e+03
2.365000000000000000e+03
2.389000000000000000e+03
2.404000000000000000e+03
2.440000000000000000e+03
2.458000000000000000e+03
2.465000000000000000e+03
2.492000000000000000e+03
2.506000000000000000e+03
2.545000000000000000e+03
2.560000000000000000e+03
2.599000000000000000e+03
2.619000000000000000e+03
2.625000000000000000e+03
2.630000000000000000e+03
2.634000000000000000e+03
2.638000000000000000e+03
2.641000000000000000e+03
2.648000000000000000e+03
2.671000000000000000e+03
2.678000000000000000e+03
2.701000000000000000e+03
2.726000000000000000e+03
2.772000000000000000e+03
2.777000000000000000e+03
2.808000000000000000e+03
2.826000000000000000e+03
2.847000000000000000e+03
2.885000000000000000e+03
2.983000000000000000e+03
3.035000000000000000e+03
3.068000000000000000e+03
3.075000000000000000e+03
3.134000000000000000e+03
3.166000000000000000e+03
