2.049000000000000000e+03
3.073000000000000000e+03
2.564000000000000000e+03
3.077000000000000000e+03
6.000000000000000000e+00
5.190000000000000000e+02
3.083000000000000000e+03
1.547000000000000000e+03
1.044000000000000000e+03
3.098000000000000000e+03
2.588000000000000000e+03
2.591000000000000000e+03
3.400000000000000000e+01
5.490000000000000000e+02
1.578000000000000000e+03
2.612000000000000000e+03
1.591000000000000000e+03
6.400000000000000000e+01
6.500000000000000000e+01
6.600000000000000000e+01
2.642000000000000000e+03
3.159000000000000000e+03
1.115000000000000000e+03
1.633000000000000000e+03
1.640000000000000000e+03
6.180000000000000000e+02
1.130000000000000000e+03
1.649000000000000000e+03
6.300000000000000000e+02
2.686000000000000000e+03
6.390000000000000000e+02
1.360000000000000000e+02
6.500000000000000000e+02
1.675000000000000000e+03
2.713000000000000000e+03
1.570000000000000000e+02
2.729000000000000000e+03
1.719000000000000000e+03
1.732000000000000000e+03
2.246000000000000000e+03
2.759000000000000000e+03
2.766000000000000000e+03
1.746000000000000000e+03
1.749000000000000000e+03
2.240000000000000000e+02
2.787000000000000000e+03
1.773000000000000000e+03
2.390000000000000000e+02
2.801000000000000000e+03
2.807000000000000000e+03
2.314000000000000000e+03
2.670000000000000000e+02
2.690000000000000000e+02
1.817000000000000000e+03
2.331000000000000000e+03
2.870000000000000000e+02
3.170000000000000000e+02
2.881000000000000000e+03
2.376000000000000000e+03
2.381000000000000000e+03
8.550000000000000000e+02
8.560000000000000000e+02
1.368000000000000000e+03
8.610000000000000000e+02
8.780000000000000000e+02
2.929000000000000000e+03
2.940000000000000000e+03
9.120000000000000000e+02
2.453000000000000000e+03
1.429000000000000000e+03
9.230000000000000000e+02
1.436000000000000000e+03
4.170000000000000000e+02
1.957000000000000000e+03
1.450000000000000000e+03
2.990000000000000000e+03
4.320000000000000000e+02
1.477000000000000000e+03
3.017000000000000000e+03
9.700000000000000000e+02
3.018000000000000000e+03
9.840000000000000000e+02
2.016000000000000000e+03
2.533000000000000000e+03
4.880000000000000000e+02
1.512000000000000000e+03
3.056000000000000000e+03
1.020000000000000000e+03
