1.536000000000000000e+03
1.028000000000000000e+03
3.088000000000000000e+03
2.000000000000000000e+01
2.700000000000000000e+01
5.470000000000000000e+02
4.100000000000000000e+01
4.200000000000000000e+01
1.073000000000000000e+03
1.590000000000000000e+03
2.112000000000000000e+03
2.626000000000000000e+03
1.093000000000000000e+03
2.635000000000000000e+03
1.616000000000000000e+03
2.147000000000000000e+03
2.660000000000000000e+03
2.662000000000000000e+03
2.159000000000000000e+03
2.168000000000000000e+03
6.320000000000000000e+02
2.174000000000000000e+03
6.440000000000000000e+02
6.480000000000000000e+02
2.712000000000000000e+03
2.205000000000000000e+03
2.207000000000000000e+03
1.185000000000000000e+03
6.760000000000000000e+02
1.710000000000000000e+02
6.930000000000000000e+02
6.980000000000000000e+02
2.241000000000000000e+03
1.733000000000000000e+03
1.222000000000000000e+03
2.760000000000000000e+03
1.225000000000000000e+03
2.253000000000000000e+03
7.310000000000000000e+02
2.272000000000000000e+03
2.273000000000000000e+03
2.276000000000000000e+03
2.802000000000000000e+03
2.490000000000000000e+02
1.282000000000000000e+03
1.799000000000000000e+03
1.294000000000000000e+03
1.301000000000000000e+03
2.326000000000000000e+03
1.819000000000000000e+03
2.343000000000000000e+03
2.344000000000000000e+03
3.000000000000000000e+02
2.348000000000000000e+03
8.210000000000000000e+02
2.358000000000000000e+03
8.260000000000000000e+02
2.875000000000000000e+03
8.400000000000000000e+02
8.410000000000000000e+02
3.370000000000000000e+02
2.387000000000000000e+03
2.388000000000000000e+03
1.882000000000000000e+03
1.384000000000000000e+03
1.897000000000000000e+03
2.411000000000000000e+03
2.943000000000000000e+03
2.950000000000000000e+03
1.938000000000000000e+03
1.446000000000000000e+03
2.984000000000000000e+03
1.962000000000000000e+03
1.452000000000000000e+03
9.470000000000000000e+02
1.982000000000000000e+03
3.010000000000000000e+03
9.770000000000000000e+02
3.025000000000000000e+03
3.032000000000000000e+03
2.012000000000000000e+03
3.044000000000000000e+03
9.980000000000000000e+02
2.032000000000000000e+03
1.014000000000000000e+03
5.090000000000000000e+02
