1.050000000000000000e+02
1.530000000000000000e+02
2.280000000000000000e+02
2.760000000000000000e+02
4.310000000000000000e+02
6.060000000000000000e+02
6.200000000000000000e+02
6.530000000000000000e+02
6.560000000000000000e+02
6.700000000000000000e+02
6.840000000000000000e+02
7.660000000000000000e+02
7.690000000000000000e+02
7.760000000000000000e+02
7.870000000000000000e+02
8.010000000000000000e+02
8.100000000000000000e+02
8.200000000000000000e+02
8.580000000000000000e+02
8.670000000000000000e+02
8.760000000000000000e+02
8.900000000000000000e+02
9.060000000000000000e+02
9.070000000000000000e+02
9.320000000000000000e+02
9.660000000000000000e+02
9.740000000000000000e+02
9.900000000000000000e+02
1.009000000000000000e+03
1.077000000000000000e+03
1.108000000000000000e+03
1.148000000000000000e+03
1.211000000000000000e+03
1.248000000000000000e+03
1.352000000000000000e+03
1.407000000000000000e+03
1.421000000000000000e+03
1.426000000000000000e+03
1.428000000000000000e+03
1.439000000000000000e+03
1.505000000000000000e+03
1.519000000000000000e+03
1.556000000000000000e+03
1.561000000000000000e+03
1.566000000000000000e+03
1.758000000000000000e+03
1.791000000000000000e+03
1.802000000000000000e+03
1.890000000000000000e+03
1.995000000000000000e+03
2.076000000000000000e+03
2.179000000000000000e+03
2.231000000000000000e+03
2.303000000000000000e+03
2.311000000000000000e+03
2.322000000000000000e+03
2.409000000000000000e+03
2.418000000000000000e+03
2.426000000000000000e+03
2.446000000000000000e+03
2.490000000000000000e+03
2.499000000000000000e+03
2.526000000000000000e+03
2.542000000000000000e+03
2.567000000000000000e+03
2.598000000000000000e+03
2.600000000000000000e+03
2.667000000000000000e+03
2.683000000000000000e+03
2.736000000000000000e+03
2.776000000000000000e+03
2.788000000000000000e+03
2.851000000000000000e+03
2.854000000000000000e+03
2.928000000000000000e+03
2.989000000000000000e+03
3.003000000000000000e+03
3.011000000000000000e+03
3.019000000000000000e+03
3.062000000000000000e+03
3.065000000000000000e+03
3.093000000000000000e+03
3.097000000000000000e+03
3.143000000000000000e+03
3.149000000000000000e+03
