4.800000000000000000e+01
5.200000000000000000e+01
5.300000000000000000e+01
5.800000000000000000e+01
6.100000000000000000e+01
7.600000000000000000e+01
8.800000000000000000e+01
1.760000000000000000e+02
1.870000000000000000e+02
2.530000000000000000e+02
2.920000000000000000e+02
2.990000000000000000e+02
3.040000000000000000e+02
3.400000000000000000e+02
5.270000000000000000e+02
5.340000000000000000e+02
5.370000000000000000e+02
5.800000000000000000e+02
5.970000000000000000e+02
6.000000000000000000e+02
6.030000000000000000e+02
6.050000000000000000e+02
6.810000000000000000e+02
7.010000000000000000e+02
7.100000000000000000e+02
7.560000000000000000e+02
7.590000000000000000e+02
7.650000000000000000e+02
7.700000000000000000e+02
7.720000000000000000e+02
7.890000000000000000e+02
8.050000000000000000e+02
8.230000000000000000e+02
9.410000000000000000e+02
9.610000000000000000e+02
9.750000000000000000e+02
9.780000000000000000e+02
1.005000000000000000e+03
1.015000000000000000e+03
1.085000000000000000e+03
1.112000000000000000e+03
1.113000000000000000e+03
1.114000000000000000e+03
1.144000000000000000e+03
1.149000000000000000e+03
1.159000000000000000e+03
1.193000000000000000e+03
1.213000000000000000e+03
1.249000000000000000e+03
1.258000000000000000e+03
1.279000000000000000e+03
1.285000000000000000e+03
1.287000000000000000e+03
1.305000000000000000e+03
1.359000000000000000e+03
1.393000000000000000e+03
1.438000000000000000e+03
1.489000000000000000e+03
1.497000000000000000e+03
1.522000000000000000e+03
1.531000000000000000e+03
1.533000000000000000e+03
1.603000000000000000e+03
1.615000000000000000e+03
1.632000000000000000e+03
1.639000000000000000e+03
1.641000000000000000e+03
1.648000000000000000e+03
1.673000000000000000e+03
1.677000000000000000e+03
1.724000000000000000e+03
1.778000000000000000e+03
1.787000000000000000e+03
1.827000000000000000e+03
1.844000000000000000e+03
1.846000000000000000e+03
1.851000000000000000e+03
1.879000000000000000e+03
1.888000000000000000e+03
1.914000000000000000e+03
1.933000000000000000e+03
1.974000000000000000e+03
2.019000000000000000e+03
2.036000000000000000e+03
2.057000000000000000e+03
2.072000000000000000e+03
2.079000000000000000e+03
2.080000000000000000e+03
2.082000000000000000e+03
2.106000000000000000e+03
2.166000000000000000e+03
2.189000000000000000e+03
2.232000000000000000e+03
2.247000000000000000e+03
2.269000000000000000e+03
2.282000000000000000e+03
2.310000000000000000e+03
2.357000000000000000e+03
2.408000000000000000e+03
2.413000000000000000e+03
2.454000000000000000e+03
2.469000000000000000e+03
2.485000000000000000e+03
2.487000000000000000e+03
2.489000000000000000e+03
2.555000000000000000e+03
2.621000000000000000e+03
2.689000000000000000e+03
2.741000000000000000e+03
2.775000000000000000e+03
2.820000000000000000e+03
2.850000000000000000e+03
2.899000000000000000e+03
2.905000000000000000e+03
2.957000000000000000e+03
2.970000000000000000e+03
2.997000000000000000e+03
3.096000000000000000e+03
3.111000000000000000e+03
3.129000000000000000e+03
3.137000000000000000e+03
