3.800000000000000000e+01
8.500000000000000000e+01
8.600000000000000000e+01
8.700000000000000000e+01
8.900000000000000000e+01
1.030000000000000000e+02
1.100000000000000000e+02
1.140000000000000000e+02
1.380000000000000000e+02
1.600000000000000000e+02
1.690000000000000000e+02
1.750000000000000000e+02
1.950000000000000000e+02
2.130000000000000000e+02
2.310000000000000000e+02
2.650000000000000000e+02
3.290000000000000000e+02
3.460000000000000000e+02
3.750000000000000000e+02
3.800000000000000000e+02
3.840000000000000000e+02
3.850000000000000000e+02
3.940000000000000000e+02
4.450000000000000000e+02
5.280000000000000000e+02
5.510000000000000000e+02
5.910000000000000000e+02
6.110000000000000000e+02
6.330000000000000000e+02
6.950000000000000000e+02
7.060000000000000000e+02
7.610000000000000000e+02
7.950000000000000000e+02
8.090000000000000000e+02
9.000000000000000000e+02
9.020000000000000000e+02
9.100000000000000000e+02
9.140000000000000000e+02
9.170000000000000000e+02
9.450000000000000000e+02
9.550000000000000000e+02
9.640000000000000000e+02
9.650000000000000000e+02
9.920000000000000000e+02
9.930000000000000000e+02
9.970000000000000000e+02
1.008000000000000000e+03
1.013000000000000000e+03
1.025000000000000000e+03
1.033000000000000000e+03
1.034000000000000000e+03
1.037000000000000000e+03
1.043000000000000000e+03
1.053000000000000000e+03
1.102000000000000000e+03
1.103000000000000000e+03
1.106000000000000000e+03
1.124000000000000000e+03
1.158000000000000000e+03
1.166000000000000000e+03
1.172000000000000000e+03
1.182000000000000000e+03
1.184000000000000000e+03
1.191000000000000000e+03
1.246000000000000000e+03
1.277000000000000000e+03
1.299000000000000000e+03
1.313000000000000000e+03
1.342000000000000000e+03
1.348000000000000000e+03
1.372000000000000000e+03
1.376000000000000000e+03
1.382000000000000000e+03
1.406000000000000000e+03
1.423000000000000000e+03
1.437000000000000000e+03
1.482000000000000000e+03
1.494000000000000000e+03
1.553000000000000000e+03
1.557000000000000000e+03
1.608000000000000000e+03
1.621000000000000000e+03
1.674000000000000000e+03
1.681000000000000000e+03
1.682000000000000000e+03
1.697000000000000000e+03
1.740000000000000000e+03
1.756000000000000000e+03
1.760000000000000000e+03
1.797000000000000000e+03
1.830000000000000000e+03
1.848000000000000000e+03
1.868000000000000000e+03
1.894000000000000000e+03
1.895000000000000000e+03
1.918000000000000000e+03
1.945000000000000000e+03
1.984000000000000000e+03
2.020000000000000000e+03
2.046000000000000000e+03
2.063000000000000000e+03
2.064000000000000000e+03
2.105000000000000000e+03
2.108000000000000000e+03
2.167000000000000000e+03
2.180000000000000000e+03
2.183000000000000000e+03
2.196000000000000000e+03
2.230000000000000000e+03
2.288000000000000000e+03
2.297000000000000000e+03
2.355000000000000000e+03
2.405000000000000000e+03
2.439000000000000000e+03
2.451000000000000000e+03
2.459000000000000000e+03
2.522000000000000000e+03
2.538000000000000000e+03
2.572000000000000000e+03
2.583000000000000000e+03
2.595000000000000000e+03
2.610000000000000000e+03
2.614000000000000000e+03
2.632000000000000000e+03
2.639000000000000000e+03
2.663000000000000000e+03
2.675000000000000000e+03
2.682000000000000000e+03
2.692000000000000000e+03
2.702000000000000000e+03
2.703000000000000000e+03
2.704000000000000000e+03
2.722000000000000000e+03
2.724000000000000000e+03
2.731000000000000000e+03
2.739000000000000000e+03
2.745000000000000000e+03
2.781000000000000000e+03
2.790000000000000000e+03
2.809000000000000000e+03
2.816000000000000000e+03
2.821000000000000000e+03
2.823000000000000000e+03
2.832000000000000000e+03
2.840000000000000000e+03
2.861000000000000000e+03
2.866000000000000000e+03
2.877000000000000000e+03
2.887000000000000000e+03
2.888000000000000000e+03
2.889000000000000000e+03
2.906000000000000000e+03
2.907000000000000000e+03
2.913000000000000000e+03
2.946000000000000000e+03
2.958000000000000000e+03
2.976000000000000000e+03
2.978000000000000000e+03
2.985000000000000000e+03
2.992000000000000000e+03
2.995000000000000000e+03
3.006000000000000000e+03
3.028000000000000000e+03
3.051000000000000000e+03
3.052000000000000000e+03
3.115000000000000000e+03
3.130000000000000000e+03
