2.561000000000000000e+03
1.538000000000000000e+03
5.160000000000000000e+02
2.054000000000000000e+03
2.566000000000000000e+03
1.030000000000000000e+03
9.000000000000000000e+00
2.570000000000000000e+03
1.035000000000000000e+03
1.036000000000000000e+03
1.300000000000000000e+01
1.543000000000000000e+03
1.039000000000000000e+03
1.545000000000000000e+03
1.045000000000000000e+03
1.046000000000000000e+03
1.047000000000000000e+03
2.584000000000000000e+03
1.048000000000000000e+03
2.586000000000000000e+03
5.390000000000000000e+02
3.095000000000000000e+03
2.078000000000000000e+03
3.100000000000000000e+01
2.592000000000000000e+03
3.102000000000000000e+03
2.594000000000000000e+03
3.104000000000000000e+03
3.109000000000000000e+03
2.086000000000000000e+03
2.087000000000000000e+03
2.091000000000000000e+03
5.550000000000000000e+02
2.093000000000000000e+03
2.605000000000000000e+03
1.584000000000000000e+03
3.123000000000000000e+03
2.101000000000000000e+03
3.127000000000000000e+03
1.594000000000000000e+03
5.710000000000000000e+02
6.200000000000000000e+01
3.139000000000000000e+03
2.116000000000000000e+03
1.094000000000000000e+03
1.609000000000000000e+03
2.123000000000000000e+03
3.147000000000000000e+03
3.150000000000000000e+03
7.900000000000000000e+01
1.105000000000000000e+03
8.300000000000000000e+01
3.155000000000000000e+03
2.133000000000000000e+03
3.156000000000000000e+03
1.627000000000000000e+03
2.659000000000000000e+03
2.150000000000000000e+03
2.668000000000000000e+03
1.645000000000000000e+03
6.220000000000000000e+02
2.160000000000000000e+03
1.650000000000000000e+03
2.685000000000000000e+03
1.350000000000000000e+02
6.520000000000000000e+02
1.678000000000000000e+03
6.570000000000000000e+02
6.590000000000000000e+02
6.600000000000000000e+02
1.490000000000000000e+02
2.707000000000000000e+03
1.180000000000000000e+03
1.187000000000000000e+03
1.702000000000000000e+03
1.700000000000000000e+02
2.218000000000000000e+03
2.222000000000000000e+03
1.198000000000000000e+03
6.890000000000000000e+02
1.713000000000000000e+03
1.204000000000000000e+03
2.744000000000000000e+03
1.723000000000000000e+03
2.243000000000000000e+03
2.757000000000000000e+03
2.251000000000000000e+03
2.764000000000000000e+03
1.739000000000000000e+03
1.741000000000000000e+03
1.742000000000000000e+03
2.080000000000000000e+02
2.256000000000000000e+03
2.771000000000000000e+03
2.773000000000000000e+03
1.238000000000000000e+03
1.750000000000000000e+03
7.350000000000000000e+02
1.764000000000000000e+03
7.420000000000000000e+02
7.530000000000000000e+02
1.779000000000000000e+03
1.788000000000000000e+03
2.302000000000000000e+03
7.670000000000000000e+02
1.280000000000000000e+03
2.305000000000000000e+03
2.308000000000000000e+03
1.796000000000000000e+03
1.804000000000000000e+03
2.700000000000000000e+02
7.880000000000000000e+02
7.930000000000000000e+02
7.940000000000000000e+02
2.842000000000000000e+03
2.840000000000000000e+02
7.960000000000000000e+02
7.980000000000000000e+02
1.309000000000000000e+03
1.825000000000000000e+03
8.020000000000000000e+02
8.040000000000000000e+02
1.316000000000000000e+03
8.070000000000000000e+02
1.320000000000000000e+03
2.858000000000000000e+03
2.347000000000000000e+03
1.834000000000000000e+03
2.350000000000000000e+03
3.030000000000000000e+02
1.840000000000000000e+03
2.364000000000000000e+03
8.350000000000000000e+02
1.349000000000000000e+03
1.865000000000000000e+03
1.869000000000000000e+03
2.894000000000000000e+03
3.390000000000000000e+02
1.364000000000000000e+03
3.510000000000000000e+02
2.403000000000000000e+03
8.750000000000000000e+02
2.412000000000000000e+03
2.924000000000000000e+03
2.925000000000000000e+03
2.417000000000000000e+03
2.425000000000000000e+03
1.913000000000000000e+03
8.920000000000000000e+02
1.408000000000000000e+03
2.433000000000000000e+03
1.410000000000000000e+03
2.436000000000000000e+03
2.951000000000000000e+03
1.416000000000000000e+03
2.445000000000000000e+03
3.980000000000000000e+02
1.422000000000000000e+03
1.939000000000000000e+03
9.180000000000000000e+02
2.456000000000000000e+03
2.968000000000000000e+03
1.951000000000000000e+03
2.979000000000000000e+03
9.330000000000000000e+02
1.963000000000000000e+03
9.400000000000000000e+02
2.478000000000000000e+03
9.420000000000000000e+02
2.994000000000000000e+03
1.973000000000000000e+03
1.977000000000000000e+03
1.483000000000000000e+03
2.511000000000000000e+03
1.487000000000000000e+03
2.513000000000000000e+03
1.490000000000000000e+03
1.999000000000000000e+03
2.517000000000000000e+03
9.860000000000000000e+02
3.041000000000000000e+03
1.514000000000000000e+03
2.541000000000000000e+03
1.006000000000000000e+03
2.543000000000000000e+03
1.007000000000000000e+03
3.054000000000000000e+03
1.520000000000000000e+03
1.011000000000000000e+03
1.521000000000000000e+03
1.019000000000000000e+03
1.532000000000000000e+03
2.047000000000000000e+03
